ply
format ascii 1.0
comment VCGLIB generated
element vertex 36
property float x
property float y
property float z
property float nx
property float ny
property float nz
property float texture_u
property float texture_v
element face 12
property list uchar int vertex_indices
end_header
-1 -1 -1 -0.5773503 -0.5773503 -0.5773503 0.332357 0.667643
1 -1 -1 0.3333333 -0.6666667 -0.6666667 0.000977 0.669024
-1 1 -1 -0.6666667 0.3333333 -0.6666667 0.330976 0.999023
1 1 -1 0.6666667 0.6666667 -0.3333333 0.000977 0.999023
-1 -1 1 -0.6666667 -0.6666667 0.3333333 0.664309 0.999023
1 -1 1 0.6666667 -0.3333333 0.6666667 0.667643 0.999023
-1 1 1 -0.3333333 0.6666667 0.6666667 0.334310 0.999023
1 1 1 0.5773503 0.5773503 0.5773503 0.332357 0.334310
-1 1 -1 -0.6666667 0.3333333 -0.6666667 0.332357 0.997642
1 -1 -1 0.3333333 -0.6666667 -0.6666667 0.002358 0.667643
-1 1 -1 -0.6666667 0.3333333 -0.6666667 0.334310 0.669024
-1 -1 1 -0.6666667 -0.6666667 0.3333333 0.665690 0.997642
-1 1 -1 -0.6666667 0.3333333 -0.6666667 0.335691 0.667643
-1 -1 -1 -0.5773503 -0.5773503 -0.5773503 0.665690 0.667643
1 -1 -1 0.3333333 -0.6666667 -0.6666667 0.997642 0.999023
-1 -1 1 -0.6666667 -0.6666667 0.3333333 0.667643 0.669024
1 -1 -1 0.3333333 -0.6666667 -0.6666667 0.999023 0.997642
-1 -1 1 -0.6666667 -0.6666667 0.3333333 0.669024 0.667643
-1 -1 -1 -0.5773503 -0.5773503 -0.5773503 0.999023 0.667643
-1 1 1 -0.3333333 0.6666667 0.6666667 0.330976 0.665690
-1 -1 1 -0.6666667 -0.6666667 0.3333333 0.000977 0.665690
1 -1 1 0.6666667 -0.3333333 0.6666667 0.000977 0.335691
-1 1 1 -0.3333333 0.6666667 0.6666667 0.332357 0.664309
1 -1 1 0.6666667 -0.3333333 0.6666667 0.002358 0.334310
1 1 -1 0.6666667 0.6666667 -0.3333333 0.664309 0.665690
-1 1 -1 -0.6666667 0.3333333 -0.6666667 0.334310 0.665690
-1 1 1 -0.3333333 0.6666667 0.6666667 0.334310 0.335691
1 1 -1 0.6666667 0.6666667 -0.3333333 0.665690 0.664309
-1 1 1 -0.3333333 0.6666667 0.6666667 0.335691 0.334310
1 1 1 0.5773503 0.5773503 0.5773503 0.665690 0.334310
1 -1 1 0.6666667 -0.3333333 0.6666667 0.997642 0.665690
1 -1 -1 0.3333333 -0.6666667 -0.6666667 0.667643 0.665690
1 1 -1 0.6666667 0.6666667 -0.3333333 0.667643 0.335691
1 -1 1 0.6666667 -0.3333333 0.6666667 0.999023 0.664309
1 1 -1 0.6666667 0.6666667 -0.3333333 0.669024 0.334310
1 1 1 0.5773503 0.5773503 0.5773503 0.999023 0.334310
3 2 3 1 
3 8 9 0 
3 4 6 10 
3 11 12 13 
3 14 5 15 
3 16 17 18 
3 19 20 21 
3 22 23 7 
3 24 25 26 
3 27 28 29 
3 30 31 32 
3 33 34 35 
